# FedAVG

1,  18.65
2,  22.44
3,  26.74
4,  29.74
5,  31.32
6,  32.65
7,  34.23
8,  35.88
9,  37.10
10, 38.23
11, 39.34
12, 40.13
13, 40.98
14, 41.58
15, 42.30
16, 43.39
17, 43.79
18, 44.35
19, 44.89
20, 44.86


1,  18.61
2,  21.96
3,  26.5
4,  29.56
5,  31.24
6,  33.2
7,  34.4
8,  36.07
9,  37.22
10, 38.44
11, 39.01
12, 39.73
13, 40.75
14, 41.15
15, 41.15
16, 42.88
17, 43.53
18, 43.17
19, 44.7
20, 45.27

# No Fed Learn
1,  29.13
2,  32.29
3,  35.44
4,  37.48
5,  38.98

# Fed attract AVG ???
1,  18.4    |   18.76   |   18.36
2,  21.46   |   21.69   |   21.82
3,  24.54   |   26.92   |   26.01
4,  28.09   |   29.61   |   29.76
5.  28.73   |   31.24   |   31.53
6.  29.79   |   32.94   |   33.08
7.  30.22   |   34.24   |   34.20
8.          |           |   35.63
9.          |           |   36.96
10.         |           |   37.90
11.         |           |   39.35
12.         |           |   39.55
13.         |           |   40.76
14.         |           |   41.05
15.         |           |   42.10
16.         |           |   42.58
17.         |           |   43.40
18.         |           |   44.16
19.         |           |   44.86
20.         |           |   45.30

#############################################

# FedAVG w/o dataset weightage

1,  16.71
2,  21.14
3,  24.30
4,  27.35
5,  29.64
6,  31.11
7,  33.36
8,  34.78
9,  35.72
10, 37.18
11, 38.33
12, 39.27
13, 39.84
14, 40.63
15, 41.56
16, 42.00
17, 43.25
18, 43.76
19, 43.88
20, 44.60

# Fed attract AVG using Clusters, w/o data weightage
1,  21.64
2,  26.05
3,  28.36
4,  30.67
5,  33.57
6,  34.94
7,  36.17
8,  37.64
9,  38.95
10, 39.59
11, 40.51
12, 41.03
13, 42.07
14, 42.27
15, 43.32
16, 44.34
17, 44.85
18, 45.43
19, 46.09
20, 46.59
